matertera 301.
10101101242.
1111011011) 205. [CIL.
1116252]
Mulvius 126.
mundus 110.
11111134.
1001110901 15.
Nectum 416 c. a.
novos 61.
01111261.
0111341.
0111111111 334.
parentes 104.
9101010110 11.
pedisequus 491.
91111110 83.
philosopha 236.
9101011481.
9111111180.
9111111111)ον add. 295.
1110 318.
111111 caesa 318.
3011110111 602.
salve 104.
sapa 113.
1100499.
servo 325,
8101111111 155.
1110080.
1111001111 236.
1111911111ιο 340.
sollemnis 104.
1011111010. 101.
10101461.
solus = ἔρημος 251.
1011111312.
1911111111 330.
1119101111340.
1191110010 13.
11110- 11110- 161.
11110- add. 162.
111111 111 c. a.
1111110 111. 313.
1110 61.
1109101313.
vates 313.
vereor 303,

-111-

1111011 119.
1110111 313.
vinco 493,
11190 231.

.—

111191101101111. 340.

111191011101109111. 310.

e) 11111.

1111101111 311.

saith 313.
0111111111 34.

1) germ.

11· 118.
0111111111 414.
1110911011 218.
01111011 493.
11101110 48.
11111011 210.
aran 413.
010111 413.
0101 341.
beo 311.
11011110 31ῖ.
11110011 311.

”’ 1111111101111119011 224.

(lius 316,

0111 210.

[111911 156.

11111110 132.

solda 488.

[10110 32.

90- 125.

911- 10111119119011 124 sq.
91101 252.
911 01.
911190 125.
11111011 421.
1111111 338.
hiri 389.
11101ρν11 293.
111110 296.
111111 390.
11111111 389.
1011111101 401.
11100 10.

0101111111111 150.
01111011 dial. 110.
1111911 61.
091111 248.
1111-091119901101 168.
91111101 102 0. 11.
1111111 91.
10111 1100,
sarva 323.
&ebro 119.
111110(01. 1110) 181.
8111· 161.
1111011 11.
1111111 110.
11101111 115.
111161. 411.
191111 330.

ι 81131 115.
11111111 00111111 324.
1111911111. 11119) 111.
Ufer 148.
103119 460.
11111011 10.

1 0111111114.
0611- 312.
1110111 321.
cebri-9 4611,
vulfs 321.
011110 110.

g) 111111.

assius lett. 165.
01111191011101. 60.
11011101 315.

1111111 lett. 205.
11110101 313.
11111111 311.
1111101111 316.
(1931101011. 314.
drisci 315.
1110111111 1011. 316.
1101011 316.

= 11091111 111.

111111 121.
iiras 119.
901003 62.
9011111 62.
ᾗ 91111111.

 

