11) sort.

(iyushmant 199.
1111111122. 295.
1111111111 105.
(11111111 220.
anyti 19.

11111111 111.
1111311 498.

1111 92.
1111111111 302.
1111111111 391.
1111118 356. 408.
1111111111- 218.
1111111111 64.
11011111 388.
1111111111 311.
11111 355.

ci 355.

11111111 311.
1111111111 62.
1111111111ίί) 242.
1111111 111111 218.

1111111111111111 281.

1111111111 281.
111111 329.
1111111111 313.
111 244.
11119111 156.
1131111111 96.
911113 498.
911111 93.
1111 123.

i 210.

11111 24.

Indices,

A. Vocabulorum.

11111 211.
1111111116 361.
11111111 211.
111111 280.
9111111· 151.
1111111111111111 302.
119111 183.
3111111111 125.
3119111111 61.
1111111. 111.
1111111111 252.
11111111 235.
1111111111. 498.
1111111111 330.
1111111111 295.
1111111111 346.
malina 205.

1111111111111111111 296.

11151911 495.
11111111 334.
11151111 110.
1111 269.
11111111 61.
palti 398.
11111111 83.
11111111 412.
pari 84.
1111111111 110.
11111111 163.
[1111111111 132.
[1111111111 220.
1111111111 408.
parva 486.
1111111111 111.
111111 311.

1

1

1

1

1111111 194.
1111111111 181.
11111111 51.
11111111 412.
1191111111 125.
1111111 105.
11111111 390.
1111111111 390.
tara 205.
1111111111 118.
curvati 311.
111111 20.

11111 119.
1111111111 119.
1111 488.
11111111 119.
111111 111. 312.
1111111111 18.
1111111111 326.
1111111111 326.
vas 14.

111111 321.
111 111.

vij 16.
1511111111 391.
111111 321.

b) 111111.

1111111111 126. 325.
8111111111ίί 109.
111111111111111 311.

1) graec.

α’· 146. add. 149.
cl copulat. 495. 500.

 

